52
skybox_clear_01 0 179.000000 80.000000 0.950000 pfx_sunny
 1.306800 1.197900 1.069200  0.000000 0.000000 0.000000  0.060235 0.088471 0.167529  300.000000 4287406765
skybox_clear_01 536870912 179.000000 80.000000 0.950000 pfx_sunny
 1.306800 1.197900 1.069200  0.000000 0.000000 0.000000  0.053961 0.079255 0.150078  300.000000 4287406765
skybox_clear_02 0 179.000000 80.000000 0.950000 pfx_sunny
 1.306800 1.197900 1.069200  0.000000 0.000000 0.000000  0.060235 0.088471 0.167529  300.000000 4287406765
skybox_clear_02 536870912 179.000000 80.000000 0.950000 pfx_sunny
 1.306800 1.197900 1.069200  0.000000 0.000000 0.000000  0.053961 0.079255 0.150078  300.000000 4287406765
skybox_cloud_01 16 179.000000 52.000000 0.850000 pfx_sunny
 1.834800 1.681900 1.501200  0.000000 0.000000 0.000000  0.060235 0.088471 0.167529  300.000000 4287406765
skybox_cloud_01 536870928 179.000000 52.000000 0.850000 pfx_sunny
 1.834800 1.681900 1.501200  0.000000 0.000000 0.000000  0.053961 0.079255 0.150078  300.000000 4287406765
skybox_cloud_13 16 179.000000 52.000000 0.850000 pfx_sunny
 1.834800 1.681900 1.501200  0.000000 0.000000 0.000000  0.060235 0.088471 0.167529  300.000000 4287406765
skybox_cloud_13 536870928 179.000000 52.000000 0.850000 pfx_sunny
 1.834800 1.681900 1.501200  0.000000 0.000000 0.000000  0.053961 0.079255 0.150078  300.000000 4287406765
skybox_cloud_03 16 179.000000 52.000000 0.850000 pfx_sunny
 1.834800 1.681900 1.501200  0.000000 0.000000 0.000000  0.060235 0.088471 0.167529  300.000000 4287406765
skybox_cloud_03 536870928 179.000000 52.000000 0.850000 pfx_sunny
 1.834800 1.681900 1.501200  0.000000 0.000000 0.000000  0.053961 0.079255 0.150078  300.000000 4287406765
skybox_cloud_06 16 179.000000 52.000000 0.850000 pfx_sunny
 1.834800 1.681900 1.501200  0.000000 0.000000 0.000000  0.060235 0.088471 0.167529  300.000000 4287406765
skybox_cloud_06 536870928 179.000000 52.000000 0.850000 pfx_sunny
 1.834800 1.681900 1.501200  0.000000 0.000000 0.000000  0.053961 0.079255 0.150078  300.000000 4287406765
skybox_cloud_02 32 180.000000 19.170000 0.400000 pfx_cloudy
 0.720000 0.680000 0.600000  0.000000 0.000000 0.000000  0.125490 0.145882 0.241569  120.000000 4284510352
skybox_cloud_02 536870944 180.000000 19.170000 0.400000 pfx_cloudy
 0.720000 0.680000 0.600000  0.000000 0.000000 0.000000  0.125490 0.145882 0.241569  120.000000 4284510352
skybox_cloud_05 32 180.000000 19.170000 0.400000 pfx_cloudy
 0.720000 0.680000 0.600000  0.000000 0.000000 0.000000  0.125490 0.145882 0.241569  120.000000 4284510352
skybox_cloud_05 536870944 180.000000 19.170000 0.400000 pfx_cloudy
 0.720000 0.680000 0.600000  0.000000 0.000000 0.000000  0.125490 0.145882 0.241569  120.000000 4284510352
skybox_cloud_07 32 180.000000 19.170000 0.400000 pfx_cloudy
 0.720000 0.680000 0.600000  0.000000 0.000000 0.000000  0.125490 0.145882 0.241569  120.000000 4284510352
skybox_cloud_07 536870944 180.000000 19.170000 0.400000 pfx_cloudy
 0.720000 0.680000 0.600000  0.000000 0.000000 0.000000  0.125490 0.145882 0.241569  120.000000 4284510352
skybox_cloud_08 32 180.000000 19.170000 0.400000 pfx_cloudy
 0.720000 0.680000 0.600000  0.000000 0.000000 0.000000  0.125490 0.145882 0.241569  120.000000 4284510352
skybox_cloud_08 536870944 180.000000 19.170000 0.400000 pfx_cloudy
 0.720000 0.680000 0.600000  0.000000 0.000000 0.000000  0.125490 0.145882 0.241569  120.000000 4284510352
skybox_cloud_09 32 180.000000 19.170000 0.400000 pfx_cloudy
 0.720000 0.680000 0.600000  0.000000 0.000000 0.000000  0.125490 0.145882 0.241569  120.000000 4284510352
skybox_cloud_09 536870944 180.000000 19.170000 0.400000 pfx_cloudy
 0.720000 0.680000 0.600000  0.000000 0.000000 0.000000  0.125490 0.145882 0.241569  120.000000 4284510352
skybox_cloud_11 32 180.000000 19.170000 0.400000 pfx_cloudy
 0.720000 0.680000 0.600000  0.000000 0.000000 0.000000  0.125490 0.145882 0.241569  120.000000 4284510352
skybox_cloud_11 536870944 180.000000 19.170000 0.400000 pfx_cloudy
 0.720000 0.680000 0.600000  0.000000 0.000000 0.000000  0.125490 0.145882 0.241569  120.000000 4284510352
skybox_cloud_04 268435504 180.000000 19.170000 0.400000 pfx_overcast
 0.400000 0.350000 0.310000  0.000000 0.000000 0.000000  0.196078 0.235294 0.403922  120.000000 4284510352
skybox_cloud_04 805306416 180.000000 19.170000 0.400000 pfx_overcast
 0.400000 0.350000 0.310000  0.000000 0.000000 0.000000  0.196078 0.235294 0.403922  120.000000 4284510352
skybox_cloud_10 268435504 180.000000 19.170000 0.400000 pfx_overcast
 0.400000 0.350000 0.310000  0.000000 0.000000 0.000000  0.196078 0.235294 0.403922  120.000000 4284510352
skybox_cloud_10 805306416 180.000000 19.170000 0.400000 pfx_overcast
 0.400000 0.350000 0.310000  0.000000 0.000000 0.000000  0.196078 0.235294 0.403922  120.000000 4284510352
skybox_cloud_12 268435504 180.000000 19.170000 0.400000 pfx_overcast
 0.400000 0.350000 0.310000  0.000000 0.000000 0.000000  0.196078 0.235294 0.403922  120.000000 4284510352
skybox_cloud_12 805306416 180.000000 19.170000 0.400000 pfx_overcast
 0.400000 0.350000 0.310000  0.000000 0.000000 0.000000  0.196078 0.235294 0.403922  120.000000 4284510352
skybox_night_02 2 152.000000 38.000000 0.000000 pfx_night
 0.066667 0.082353 0.105882  0.000000 0.000000 0.000000  0.017647 0.017647 0.052941  500.000000 4279574581
skybox_night_02 536870914 152.000000 38.000000 0.000000 pfx_night
 0.066667 0.082353 0.105882  0.000000 0.000000 0.000000  0.017647 0.017647 0.052941  500.000000 4279574581
skybox_night_03 18 152.000000 38.000000 0.000000 pfx_night
 0.066667 0.082353 0.105882  0.000000 0.000000 0.000000  0.017647 0.017647 0.052941  500.000000 4279574581
skybox_night_03 536870930 152.000000 38.000000 0.000000 pfx_night
 0.066667 0.082353 0.105882  0.000000 0.000000 0.000000  0.017647 0.017647 0.052941  500.000000 4279574581
skybox_night_01 34 152.000000 38.000000 0.000000 pfx_night
 0.066667 0.082353 0.105882  0.000000 0.000000 0.000000  0.017647 0.017647 0.052941  500.000000 4279574581
skybox_night_01 536870946 152.000000 38.000000 0.000000 pfx_night
 0.066667 0.082353 0.105882  0.000000 0.000000 0.000000  0.017647 0.017647 0.052941  500.000000 4279574581
skybox_night_01 50 152.000000 38.000000 0.000000 pfx_night
 0.066667 0.082353 0.105882  0.000000 0.000000 0.000000  0.017647 0.017647 0.052941  500.000000 4279574581
skybox_night_01 536870962 152.000000 38.000000 0.000000 pfx_night
 0.066667 0.082353 0.105882  0.000000 0.000000 0.000000  0.017647 0.017647 0.052941  500.000000 4279574581
skybox_sunset_01 17 180.000000 9.146000 0.700000 pfx_sunset
 1.045455 0.545455 0.168182  0.000000 0.000000 0.000000  0.069048 0.100000 0.190476  150.000000 4287197794
skybox_sunset_01 536870929 180.000000 9.146000 0.700000 pfx_sunset
 1.045455 0.545455 0.168182  0.000000 0.000000 0.000000  0.069048 0.100000 0.190476  150.000000 4287197794
skybox_sunset_02 17 180.000000 9.146000 0.700000 pfx_sunset
 1.045455 0.545455 0.168182  0.000000 0.000000 0.000000  0.069048 0.100000 0.190476  150.000000 4287197794
skybox_sunset_02 536870929 180.000000 9.146000 0.700000 pfx_sunset
 1.045455 0.545455 0.168182  0.000000 0.000000 0.000000  0.069048 0.100000 0.190476  150.000000 4287197794
skybox_sunset_04 17 180.000000 9.146000 0.700000 pfx_sunset
 1.045455 0.545455 0.168182  0.000000 0.000000 0.000000  0.069048 0.100000 0.190476  150.000000 4287197794
skybox_sunset_04 536870929 180.000000 9.146000 0.700000 pfx_sunset
 1.045455 0.545455 0.168182  0.000000 0.000000 0.000000  0.069048 0.100000 0.190476  150.000000 4287197794
skybox_sunset_06 17 180.000000 9.146000 0.700000 pfx_sunset
 1.045455 0.545455 0.168182  0.000000 0.000000 0.000000  0.069048 0.100000 0.190476  150.000000 4287197794
skybox_sunset_06 536870929 180.000000 9.146000 0.700000 pfx_sunset
 1.045455 0.545455 0.168182  0.000000 0.000000 0.000000  0.069048 0.100000 0.190476  150.000000 4287197794
skybox_sunset_07 17 180.000000 9.146000 0.700000 pfx_sunset
 1.045455 0.545455 0.168182  0.000000 0.000000 0.000000  0.069048 0.100000 0.190476  150.000000 4287197794
skybox_sunset_07 536870929 180.000000 9.146000 0.700000 pfx_sunset
 1.045455 0.545455 0.168182  0.000000 0.000000 0.000000  0.069048 0.100000 0.190476  150.000000 4287197794
skybox_sunset_03 33 180.000000 9.146000 0.700000 pfx_sunset
 1.045455 0.545455 0.168182  0.000000 0.000000 0.000000  0.069048 0.100000 0.190476  150.000000 4287197794
skybox_sunset_03 536870945 180.000000 9.146000 0.700000 pfx_sunset
 1.045455 0.545455 0.168182  0.000000 0.000000 0.000000  0.069048 0.100000 0.190476  150.000000 4287197794
skybox_sunset_05 33 180.000000 9.146000 0.700000 pfx_sunset
 1.045455 0.545455 0.168182  0.000000 0.000000 0.000000  0.069048 0.100000 0.190476  150.000000 4287197794
skybox_sunset_05 536870945 180.000000 9.146000 0.700000 pfx_sunset
 1.045455 0.545455 0.168182  0.000000 0.000000 0.000000  0.069048 0.100000 0.190476  150.000000 4287197794
